16233319
1199667758
1199930728
1200115660
1200082953
1200161407
1200220068
1200258218
1200365054
16433886
16436091
1200788572
1200736032
1200379472
1200690745
1200922546
1200877760
1201001724
1200978886
1200992014
1201185054
1201134993
16695758
16632947
1201030008
1201343555
1201453029
1201445623
1201747642
1201606293
1201984130
16814315
16814314
16813841
16813650
16813649
16813396
16809619
16835020
1201906429
1202163269
1202163288
16974186
16973350
16857351
1201311413
1202240999
1202686028
1203051595
1203151405
1203347786
1203335165
1203295766
1203281158
1203255688
17030843
17029888
17007321
17007320
17007316
17007318
17007317
17007315
16993028
16993027
16993026
16993025
16993024
16993023
16990981
1203413181
1203422306
1203648581
1203625438
1203609736
1203579370
1203627969
1203501947
1203802878
1203738637
1203865997
1204080302
17219203
17206483
17206482
17206481
17206256
17206254
17205501
1204294797
1204345766
1204436854
1204410049
1204593428
1205153745
1205118888
1205006656
1205001399
1205300121
1205588890
1205604449
17430101
17422859
1205865960
1205761934
1205996515
1206581106
1206544574
1206634849
1206620459
1206764839
1206665481
1206604899
1206721911
1206835378
1206823497
17593621
17589877
17703608
17661639
1206784869
1206899303
1207088049
1207019399
1207238458
1207239912
1207180786
1207152445
1207399508
1207294986
1207311987
1207326233
1207593227
1207581431
1207509830
1206847620
1207239896
17874779
1207524325
1208099582
1208078502
1208077592
1208064421
1208011445
1207966445
1207949440
1207951465
1208075543
1208245062
1208245181
1208245068
1208237782
1208235338
1208225170
1208249528
1208163288
1208150791
1208149604
1208275051
1208345010
1208335568
1208306188
1208301116
1208531094
1208524262
1208456522
1208435894
1208427200
1208212047
1208706683
1208696163
1208777894
1208239180
1208309995
1208525186
1208504391
1208638435
1208772895
1209161385
1209133534
1209029142
1208956721
1209232582
1209203882
1209410520
1209388795
1209345761
1209293963
1209485723
18077663
1208500041
1209131902
1209518488
1209614110
1209673506
1209800608
1209769809
1210365110
18289987
18206650
1210674801
1210627633
1210592209
1210929101
18517503
18467647
1211337545
1211497663
1211451400
1211635362
1211585890
1211982894
1211860472
1211883834
1211854709
1211847829
1211705825
1211792139
1211774177
1212025923
1212011562
1212007752
1212005088
1211982087
1211947149
1211942527
1211774466
1212004418
1212146513
1212226100
1212215279
1212135108
1212111229
1212101094
1212103149
1212349108
1212330751
1212328235
1212510608
1212480523
1212467068
1212615331
1212584795
18739518
1212485746
1212493411
1212686391
1212617614
1212627301
1212812496
1212702525
1212836335
1212895648
1213070950
1213186375
1213107793
1213001420
18948960
18943542
1213701888
1213649883
1213828606
1213929571
1214056673
1214161298
19167111
19159192
1214179409
1214582294
1214646907
1214786709
1214807195
1215159353
1215099757
1214938686
1214932429
1214840665
1215066105
1215308656
1215484944
1215685817
1215654835
1215595043
1215431100
1215420365
